"tick","run","random_seed","Human Count","Zombie Count"
0.0,1,195285977,6,6
1.0,1,195285977,6,6
2.0,1,195285977,6,6
3.0,1,195285977,6,6
4.0,1,195285977,6,6
5.0,1,195285977,6,6
6.0,1,195285977,6,6
7.0,1,195285977,6,6
8.0,1,195285977,6,6
9.0,1,195285977,6,6
10.0,1,195285977,6,6
11.0,1,195285977,6,6
12.0,1,195285977,6,6
13.0,1,195285977,6,6
14.0,1,195285977,6,6
15.0,1,195285977,6,6
16.0,1,195285977,6,6
17.0,1,195285977,6,6
18.0,1,195285977,6,6
19.0,1,195285977,6,6
20.0,1,195285977,6,6
21.0,1,195285977,6,6
22.0,1,195285977,6,6
23.0,1,195285977,6,6
24.0,1,195285977,6,6
25.0,1,195285977,6,6
26.0,1,195285977,6,6
27.0,1,195285977,6,6
28.0,1,195285977,6,6
29.0,1,195285977,6,6
30.0,1,195285977,6,6
31.0,1,195285977,6,6
32.0,1,195285977,6,6
33.0,1,195285977,6,6
34.0,1,195285977,6,6
35.0,1,195285977,6,6
36.0,1,195285977,6,6
37.0,1,195285977,6,6
38.0,1,195285977,6,6
39.0,1,195285977,6,6
40.0,1,195285977,6,6
41.0,1,195285977,6,6
42.0,1,195285977,6,6
43.0,1,195285977,6,6
44.0,1,195285977,6,6
45.0,1,195285977,6,6
46.0,1,195285977,6,6
47.0,1,195285977,6,6
48.0,1,195285977,6,6
49.0,1,195285977,6,6
50.0,1,195285977,6,6
51.0,1,195285977,6,6
52.0,1,195285977,6,6
53.0,1,195285977,6,6
54.0,1,195285977,6,6
55.0,1,195285977,6,6
56.0,1,195285977,6,6
57.0,1,195285977,6,6
58.0,1,195285977,6,6
59.0,1,195285977,6,6
60.0,1,195285977,6,6
61.0,1,195285977,6,6
62.0,1,195285977,5,7
63.0,1,195285977,5,7
64.0,1,195285977,5,7
65.0,1,195285977,5,7
66.0,1,195285977,5,7
67.0,1,195285977,5,7
68.0,1,195285977,5,7
69.0,1,195285977,5,7
70.0,1,195285977,5,7
71.0,1,195285977,5,7
72.0,1,195285977,5,7
73.0,1,195285977,5,7
74.0,1,195285977,5,7
75.0,1,195285977,5,7
76.0,1,195285977,5,7
77.0,1,195285977,5,7
78.0,1,195285977,5,7
79.0,1,195285977,5,7
80.0,1,195285977,5,7
81.0,1,195285977,5,7
82.0,1,195285977,5,7
83.0,1,195285977,5,7
84.0,1,195285977,5,7
85.0,1,195285977,5,7
86.0,1,195285977,5,7
87.0,1,195285977,5,7
88.0,1,195285977,5,7
89.0,1,195285977,5,7
90.0,1,195285977,5,7
91.0,1,195285977,5,7
92.0,1,195285977,5,7
93.0,1,195285977,5,7
94.0,1,195285977,5,7
95.0,1,195285977,4,8
96.0,1,195285977,4,8
97.0,1,195285977,4,8
98.0,1,195285977,4,8
99.0,1,195285977,4,8
100.0,1,195285977,4,8
101.0,1,195285977,4,8
102.0,1,195285977,4,8
103.0,1,195285977,4,8
104.0,1,195285977,4,8
105.0,1,195285977,4,8
106.0,1,195285977,4,8
107.0,1,195285977,4,8
108.0,1,195285977,4,8
109.0,1,195285977,4,8
110.0,1,195285977,4,8
111.0,1,195285977,4,8
112.0,1,195285977,4,8
113.0,1,195285977,4,8
114.0,1,195285977,4,8
115.0,1,195285977,4,8
116.0,1,195285977,4,8
117.0,1,195285977,4,8
118.0,1,195285977,4,8
119.0,1,195285977,4,8
120.0,1,195285977,4,8
121.0,1,195285977,4,8
122.0,1,195285977,4,8
123.0,1,195285977,4,8
124.0,1,195285977,4,8
125.0,1,195285977,4,8
126.0,1,195285977,4,8
127.0,1,195285977,4,8
128.0,1,195285977,4,8
129.0,1,195285977,4,8
130.0,1,195285977,4,8
131.0,1,195285977,4,8
132.0,1,195285977,4,8
133.0,1,195285977,4,8
134.0,1,195285977,4,8
135.0,1,195285977,4,8
136.0,1,195285977,4,8
137.0,1,195285977,4,8
138.0,1,195285977,4,8
139.0,1,195285977,4,8
140.0,1,195285977,4,8
141.0,1,195285977,4,8
142.0,1,195285977,4,8
143.0,1,195285977,4,8
144.0,1,195285977,4,8
145.0,1,195285977,4,8
146.0,1,195285977,4,8
147.0,1,195285977,4,8
148.0,1,195285977,4,8
149.0,1,195285977,4,8
150.0,1,195285977,4,8
151.0,1,195285977,4,8
152.0,1,195285977,4,8
153.0,1,195285977,4,8
154.0,1,195285977,4,8
155.0,1,195285977,4,8
156.0,1,195285977,4,8
157.0,1,195285977,4,8
158.0,1,195285977,4,8
159.0,1,195285977,4,8
160.0,1,195285977,4,8
161.0,1,195285977,4,8
162.0,1,195285977,4,8
163.0,1,195285977,4,8
164.0,1,195285977,4,8
165.0,1,195285977,4,8
166.0,1,195285977,4,8
167.0,1,195285977,4,8
168.0,1,195285977,4,8
169.0,1,195285977,4,8
170.0,1,195285977,4,8
171.0,1,195285977,4,8
172.0,1,195285977,4,8
173.0,1,195285977,4,8
174.0,1,195285977,4,8
175.0,1,195285977,4,8
176.0,1,195285977,4,8
177.0,1,195285977,4,8
178.0,1,195285977,4,8
179.0,1,195285977,4,8
180.0,1,195285977,4,8
181.0,1,195285977,4,8
182.0,1,195285977,4,8
183.0,1,195285977,4,8
184.0,1,195285977,4,8
185.0,1,195285977,4,8
186.0,1,195285977,4,8
187.0,1,195285977,4,8
188.0,1,195285977,4,8
189.0,1,195285977,4,8
190.0,1,195285977,4,8
191.0,1,195285977,4,8
192.0,1,195285977,4,8
193.0,1,195285977,4,8
194.0,1,195285977,4,8
195.0,1,195285977,4,8
196.0,1,195285977,4,8
197.0,1,195285977,4,8
198.0,1,195285977,4,8
199.0,1,195285977,4,8
200.0,1,195285977,4,8
201.0,1,195285977,4,8
202.0,1,195285977,4,8
203.0,1,195285977,4,8
204.0,1,195285977,4,8
205.0,1,195285977,4,8
206.0,1,195285977,4,8
207.0,1,195285977,4,8
208.0,1,195285977,4,8
209.0,1,195285977,4,8
210.0,1,195285977,4,8
211.0,1,195285977,4,8
212.0,1,195285977,4,8
213.0,1,195285977,4,8
214.0,1,195285977,4,8
215.0,1,195285977,4,8
216.0,1,195285977,4,8
217.0,1,195285977,4,8
218.0,1,195285977,4,8
219.0,1,195285977,4,8
220.0,1,195285977,4,8
221.0,1,195285977,4,8
222.0,1,195285977,4,8
223.0,1,195285977,4,8
224.0,1,195285977,4,8
225.0,1,195285977,4,8
226.0,1,195285977,4,8
227.0,1,195285977,4,8
228.0,1,195285977,4,8
229.0,1,195285977,4,8
230.0,1,195285977,4,8
231.0,1,195285977,4,8
232.0,1,195285977,4,8
233.0,1,195285977,4,8
234.0,1,195285977,4,8
235.0,1,195285977,4,8
236.0,1,195285977,4,8
237.0,1,195285977,4,8
238.0,1,195285977,4,8
239.0,1,195285977,4,8
240.0,1,195285977,4,8
241.0,1,195285977,4,8
242.0,1,195285977,4,8
243.0,1,195285977,4,8
244.0,1,195285977,4,8
245.0,1,195285977,4,8
246.0,1,195285977,4,8
247.0,1,195285977,4,8
248.0,1,195285977,4,8
249.0,1,195285977,4,8
250.0,1,195285977,4,8
251.0,1,195285977,4,8
252.0,1,195285977,4,8
253.0,1,195285977,4,8
254.0,1,195285977,4,8
255.0,1,195285977,4,8
256.0,1,195285977,4,8
257.0,1,195285977,4,8
258.0,1,195285977,4,8
259.0,1,195285977,4,8
260.0,1,195285977,4,8
261.0,1,195285977,4,8
262.0,1,195285977,4,8
263.0,1,195285977,4,8
264.0,1,195285977,4,8
265.0,1,195285977,4,8
266.0,1,195285977,4,8
267.0,1,195285977,4,8
268.0,1,195285977,4,8
269.0,1,195285977,4,8
270.0,1,195285977,4,8
271.0,1,195285977,4,8
272.0,1,195285977,4,8
273.0,1,195285977,4,8
274.0,1,195285977,4,8
275.0,1,195285977,4,8
276.0,1,195285977,4,8
277.0,1,195285977,4,8
278.0,1,195285977,4,8
279.0,1,195285977,4,8
280.0,1,195285977,4,8
281.0,1,195285977,4,8
282.0,1,195285977,4,8
283.0,1,195285977,4,8
284.0,1,195285977,4,8
285.0,1,195285977,4,8
286.0,1,195285977,4,8
287.0,1,195285977,4,8
288.0,1,195285977,4,8
289.0,1,195285977,4,8
290.0,1,195285977,4,8
291.0,1,195285977,4,8
292.0,1,195285977,4,8
293.0,1,195285977,4,8
294.0,1,195285977,4,8
295.0,1,195285977,3,9
296.0,1,195285977,3,9
297.0,1,195285977,3,9
298.0,1,195285977,3,9
299.0,1,195285977,3,9
300.0,1,195285977,3,9
